

x = [1,2,3;
     1,2,3,4,5;
     1,2;
    ];

x = [
    [1,2,3],
    [1,2,3,4,5],
    [1,2]
  ];

a = [
  [1, 2],
  [1, 2]
];